(kicad_pcb (version 20171130) (host pcbnew 5.1.5+dfsg1-2build2)

  (general
    (thickness 1.6)
    (drawings 0)
    (tracks 0)
    (zones 0)
    (modules 10)
    (nets 8)
  )

  (page A4)
  (layers
    (0 F.Cu signal)
    (31 B.Cu signal)
    (32 B.Adhes user)
    (33 F.Adhes user)
    (34 B.Paste user)
    (35 F.Paste user)
    (36 B.SilkS user)
    (37 F.SilkS user)
    (38 B.Mask user)
    (39 F.Mask user)
    (40 Dwgs.User user)
    (41 Cmts.User user)
    (42 Eco1.User user)
    (43 Eco2.User user)
    (44 Edge.Cuts user)
    (45 Margin user)
    (46 B.CrtYd user)
    (47 F.CrtYd user)
    (48 B.Fab user)
    (49 F.Fab user)
  )

  (setup
    (last_trace_width 0.25)
    (trace_clearance 0.2)
    (zone_clearance 0.508)
    (zone_45_only no)
    (trace_min 0.2)
    (via_size 0.8)
    (via_drill 0.4)
    (via_min_size 0.4)
    (via_min_drill 0.3)
    (uvia_size 0.3)
    (uvia_drill 0.1)
    (uvias_allowed no)
    (uvia_min_size 0.2)
    (uvia_min_drill 0.1)
    (edge_width 0.05)
    (segment_width 0.2)
    (pcb_text_width 0.3)
    (pcb_text_size 1.5 1.5)
    (mod_edge_width 0.12)
    (mod_text_size 1 1)
    (mod_text_width 0.15)
    (pad_size 1.524 1.524)
    (pad_drill 0.762)
    (pad_to_mask_clearance 0.051)
    (solder_mask_min_width 0.25)
    (aux_axis_origin 0 0)
    (visible_elements FFFFFF7F)
    (pcbplotparams
      (layerselection 0x010fc_ffffffff)
      (usegerberextensions false)
      (usegerberattributes false)
      (usegerberadvancedattributes false)
      (creategerberjobfile false)
      (excludeedgelayer true)
      (linewidth 0.100000)
      (plotframeref false)
      (viasonmask false)
      (mode 1)
      (useauxorigin false)
      (hpglpennumber 1)
      (hpglpenspeed 20)
      (hpglpendiameter 15.000000)
      (psnegative false)
      (psa4output false)
      (plotreference true)
      (plotvalue true)
      (plotinvisibletext false)
      (padsonsilk false)
      (subtractmaskfromsilk false)
      (outputformat 1)
      (mirror false)
      (drillshape 1)
      (scaleselection 1)
      (outputdirectory ""))
  )

  (net 0 "")
  (net 1 "Net-(C1-Pad2)")
  (net 2 "Net-(C1-Pad1)")
  (net 3 "Net-(C2-Pad1)")
  (net 4 "Net-(C2-Pad2)")
  (net 5 VCC)
  (net 6 GND)
  (net 7 "Net-(Q1-Pad3)")

  (net_class Default "This is the default net class."
    (clearance 0.2)
    (trace_width 0.25)
    (via_dia 0.8)
    (via_drill 0.4)
    (uvia_dia 0.3)
    (uvia_drill 0.1)
    (add_net GND)
    (add_net "Net-(C1-Pad1)")
    (add_net "Net-(C1-Pad2)")
    (add_net "Net-(C2-Pad1)")
    (add_net "Net-(C2-Pad2)")
    (add_net "Net-(Q1-Pad3)")
    (add_net VCC)
  )

  (module Resistor_SMD:R_0805_2012Metric_Pad1.15x1.40mm_HandSolder (layer F.Cu) (tedit 5B36C52B) (tstamp 60484142)
    (at 109.22 91.44 270)
    (descr "Resistor SMD 0805 (2012 Metric), square (rectangular) end terminal, IPC_7351 nominal with elongated pad for handsoldering. (Body size source: https://docs.google.com/spreadsheets/d/1BsfQQcO9C6DZCsRaXUlFlo91Tg2WpOkGARC1WS5S8t0/edit?usp=sharing), generated with kicad-footprint-generator")
    (tags "resistor handsolder")
    (path /6049391F)
    (attr smd)
    (fp_text reference C1 (at 0 -1.65 90) (layer F.SilkS)
      (effects (font (size 1 1) (thickness 0.15)))
    )
    (fp_text value C (at 0 1.65 90) (layer F.Fab)
      (effects (font (size 1 1) (thickness 0.15)))
    )
    (fp_text user %R (at 0 0 90) (layer F.Fab)
      (effects (font (size 0.5 0.5) (thickness 0.08)))
    )
    (fp_line (start 1.85 0.95) (end -1.85 0.95) (layer F.CrtYd) (width 0.05))
    (fp_line (start 1.85 -0.95) (end 1.85 0.95) (layer F.CrtYd) (width 0.05))
    (fp_line (start -1.85 -0.95) (end 1.85 -0.95) (layer F.CrtYd) (width 0.05))
    (fp_line (start -1.85 0.95) (end -1.85 -0.95) (layer F.CrtYd) (width 0.05))
    (fp_line (start -0.261252 0.71) (end 0.261252 0.71) (layer F.SilkS) (width 0.12))
    (fp_line (start -0.261252 -0.71) (end 0.261252 -0.71) (layer F.SilkS) (width 0.12))
    (fp_line (start 1 0.6) (end -1 0.6) (layer F.Fab) (width 0.1))
    (fp_line (start 1 -0.6) (end 1 0.6) (layer F.Fab) (width 0.1))
    (fp_line (start -1 -0.6) (end 1 -0.6) (layer F.Fab) (width 0.1))
    (fp_line (start -1 0.6) (end -1 -0.6) (layer F.Fab) (width 0.1))
    (pad 2 smd roundrect (at 1.025 0 270) (size 1.15 1.4) (layers F.Cu F.Paste F.Mask) (roundrect_rratio 0.217391)
      (net 1 "Net-(C1-Pad2)"))
    (pad 1 smd roundrect (at -1.025 0 270) (size 1.15 1.4) (layers F.Cu F.Paste F.Mask) (roundrect_rratio 0.217391)
      (net 2 "Net-(C1-Pad1)"))
    (model ${KISYS3DMOD}/Resistor_SMD.3dshapes/R_0805_2012Metric.wrl
      (at (xyz 0 0 0))
      (scale (xyz 1 1 1))
      (rotate (xyz 0 0 0))
    )
  )

  (module Resistor_SMD:R_0805_2012Metric_Pad1.15x1.40mm_HandSolder (layer F.Cu) (tedit 5B36C52B) (tstamp 60484153)
    (at 121.92 91.44 90)
    (descr "Resistor SMD 0805 (2012 Metric), square (rectangular) end terminal, IPC_7351 nominal with elongated pad for handsoldering. (Body size source: https://docs.google.com/spreadsheets/d/1BsfQQcO9C6DZCsRaXUlFlo91Tg2WpOkGARC1WS5S8t0/edit?usp=sharing), generated with kicad-footprint-generator")
    (tags "resistor handsolder")
    (path /60490F91)
    (attr smd)
    (fp_text reference C2 (at 0 -1.65 90) (layer F.SilkS)
      (effects (font (size 1 1) (thickness 0.15)))
    )
    (fp_text value C (at 0 1.65 90) (layer F.Fab)
      (effects (font (size 1 1) (thickness 0.15)))
    )
    (fp_line (start -1 0.6) (end -1 -0.6) (layer F.Fab) (width 0.1))
    (fp_line (start -1 -0.6) (end 1 -0.6) (layer F.Fab) (width 0.1))
    (fp_line (start 1 -0.6) (end 1 0.6) (layer F.Fab) (width 0.1))
    (fp_line (start 1 0.6) (end -1 0.6) (layer F.Fab) (width 0.1))
    (fp_line (start -0.261252 -0.71) (end 0.261252 -0.71) (layer F.SilkS) (width 0.12))
    (fp_line (start -0.261252 0.71) (end 0.261252 0.71) (layer F.SilkS) (width 0.12))
    (fp_line (start -1.85 0.95) (end -1.85 -0.95) (layer F.CrtYd) (width 0.05))
    (fp_line (start -1.85 -0.95) (end 1.85 -0.95) (layer F.CrtYd) (width 0.05))
    (fp_line (start 1.85 -0.95) (end 1.85 0.95) (layer F.CrtYd) (width 0.05))
    (fp_line (start 1.85 0.95) (end -1.85 0.95) (layer F.CrtYd) (width 0.05))
    (fp_text user %R (at 1.27 -1.27 90) (layer F.Fab)
      (effects (font (size 0.5 0.5) (thickness 0.08)))
    )
    (pad 1 smd roundrect (at -1.025 0 90) (size 1.15 1.4) (layers F.Cu F.Paste F.Mask) (roundrect_rratio 0.217391)
      (net 3 "Net-(C2-Pad1)"))
    (pad 2 smd roundrect (at 1.025 0 90) (size 1.15 1.4) (layers F.Cu F.Paste F.Mask) (roundrect_rratio 0.217391)
      (net 4 "Net-(C2-Pad2)"))
    (model ${KISYS3DMOD}/Resistor_SMD.3dshapes/R_0805_2012Metric.wrl
      (at (xyz 0 0 0))
      (scale (xyz 1 1 1))
      (rotate (xyz 0 0 0))
    )
  )

  (module Connector_PinHeader_1.00mm:PinHeader_1x02_P1.00mm_Vertical (layer F.Cu) (tedit 59FED738) (tstamp 6048416B)
    (at 106.68 90.805)
    (descr "Through hole straight pin header, 1x02, 1.00mm pitch, single row")
    (tags "Through hole pin header THT 1x02 1.00mm single row")
    (path /60489BDC)
    (fp_text reference J1 (at 0 -1.56) (layer F.SilkS)
      (effects (font (size 1 1) (thickness 0.15)))
    )
    (fp_text value Conn_01x02_Male (at 0 2.56) (layer F.Fab)
      (effects (font (size 1 1) (thickness 0.15)))
    )
    (fp_line (start -0.3175 -0.5) (end 0.635 -0.5) (layer F.Fab) (width 0.1))
    (fp_line (start 0.635 -0.5) (end 0.635 1.5) (layer F.Fab) (width 0.1))
    (fp_line (start 0.635 1.5) (end -0.635 1.5) (layer F.Fab) (width 0.1))
    (fp_line (start -0.635 1.5) (end -0.635 -0.1825) (layer F.Fab) (width 0.1))
    (fp_line (start -0.635 -0.1825) (end -0.3175 -0.5) (layer F.Fab) (width 0.1))
    (fp_line (start -0.695 1.56) (end -0.394493 1.56) (layer F.SilkS) (width 0.12))
    (fp_line (start 0.394493 1.56) (end 0.695 1.56) (layer F.SilkS) (width 0.12))
    (fp_line (start -0.695 0.685) (end -0.695 1.56) (layer F.SilkS) (width 0.12))
    (fp_line (start 0.695 0.685) (end 0.695 1.56) (layer F.SilkS) (width 0.12))
    (fp_line (start -0.695 0.685) (end -0.608276 0.685) (layer F.SilkS) (width 0.12))
    (fp_line (start 0.608276 0.685) (end 0.695 0.685) (layer F.SilkS) (width 0.12))
    (fp_line (start -0.695 0) (end -0.695 -0.685) (layer F.SilkS) (width 0.12))
    (fp_line (start -0.695 -0.685) (end 0 -0.685) (layer F.SilkS) (width 0.12))
    (fp_line (start -1.15 -1) (end -1.15 2) (layer F.CrtYd) (width 0.05))
    (fp_line (start -1.15 2) (end 1.15 2) (layer F.CrtYd) (width 0.05))
    (fp_line (start 1.15 2) (end 1.15 -1) (layer F.CrtYd) (width 0.05))
    (fp_line (start 1.15 -1) (end -1.15 -1) (layer F.CrtYd) (width 0.05))
    (fp_text user %R (at 0 0.5 90) (layer F.Fab)
      (effects (font (size 0.76 0.76) (thickness 0.114)))
    )
    (pad 1 thru_hole rect (at 0 0) (size 0.85 0.85) (drill 0.5) (layers *.Cu *.Mask)
      (net 5 VCC))
    (pad 2 thru_hole oval (at 0 1) (size 0.85 0.85) (drill 0.5) (layers *.Cu *.Mask)
      (net 6 GND))
    (model ${KISYS3DMOD}/Connector_PinHeader_1.00mm.3dshapes/PinHeader_1x02_P1.00mm_Vertical.wrl
      (at (xyz 0 0 0))
      (scale (xyz 1 1 1))
      (rotate (xyz 0 0 0))
    )
  )

  (module Connector_PinHeader_1.00mm:PinHeader_1x02_P1.00mm_Vertical (layer F.Cu) (tedit 59FED738) (tstamp 60484183)
    (at 106.68 96.155)
    (descr "Through hole straight pin header, 1x02, 1.00mm pitch, single row")
    (tags "Through hole pin header THT 1x02 1.00mm single row")
    (path /60488169)
    (fp_text reference J2 (at 0 -1.56) (layer F.SilkS)
      (effects (font (size 1 1) (thickness 0.15)))
    )
    (fp_text value Conn_01x02_Male (at 0 2.56) (layer F.Fab)
      (effects (font (size 1 1) (thickness 0.15)))
    )
    (fp_line (start -0.3175 -0.5) (end 0.635 -0.5) (layer F.Fab) (width 0.1))
    (fp_line (start 0.635 -0.5) (end 0.635 1.5) (layer F.Fab) (width 0.1))
    (fp_line (start 0.635 1.5) (end -0.635 1.5) (layer F.Fab) (width 0.1))
    (fp_line (start -0.635 1.5) (end -0.635 -0.1825) (layer F.Fab) (width 0.1))
    (fp_line (start -0.635 -0.1825) (end -0.3175 -0.5) (layer F.Fab) (width 0.1))
    (fp_line (start -0.695 1.56) (end -0.394493 1.56) (layer F.SilkS) (width 0.12))
    (fp_line (start 0.394493 1.56) (end 0.695 1.56) (layer F.SilkS) (width 0.12))
    (fp_line (start -0.695 0.685) (end -0.695 1.56) (layer F.SilkS) (width 0.12))
    (fp_line (start 0.695 0.685) (end 0.695 1.56) (layer F.SilkS) (width 0.12))
    (fp_line (start -0.695 0.685) (end -0.608276 0.685) (layer F.SilkS) (width 0.12))
    (fp_line (start 0.608276 0.685) (end 0.695 0.685) (layer F.SilkS) (width 0.12))
    (fp_line (start -0.695 0) (end -0.695 -0.685) (layer F.SilkS) (width 0.12))
    (fp_line (start -0.695 -0.685) (end 0 -0.685) (layer F.SilkS) (width 0.12))
    (fp_line (start -1.15 -1) (end -1.15 2) (layer F.CrtYd) (width 0.05))
    (fp_line (start -1.15 2) (end 1.15 2) (layer F.CrtYd) (width 0.05))
    (fp_line (start 1.15 2) (end 1.15 -1) (layer F.CrtYd) (width 0.05))
    (fp_line (start 1.15 -1) (end -1.15 -1) (layer F.CrtYd) (width 0.05))
    (fp_text user %R (at 0 0.5 90) (layer F.Fab)
      (effects (font (size 0.76 0.76) (thickness 0.114)))
    )
    (pad 1 thru_hole rect (at 0 0) (size 0.85 0.85) (drill 0.5) (layers *.Cu *.Mask)
      (net 1 "Net-(C1-Pad2)"))
    (pad 2 thru_hole oval (at 0 1) (size 0.85 0.85) (drill 0.5) (layers *.Cu *.Mask)
      (net 6 GND))
    (model ${KISYS3DMOD}/Connector_PinHeader_1.00mm.3dshapes/PinHeader_1x02_P1.00mm_Vertical.wrl
      (at (xyz 0 0 0))
      (scale (xyz 1 1 1))
      (rotate (xyz 0 0 0))
    )
  )

  (module Connector_PinHeader_1.00mm:PinHeader_1x02_P1.00mm_Vertical (layer F.Cu) (tedit 59FED738) (tstamp 6048419B)
    (at 121.92 96.52)
    (descr "Through hole straight pin header, 1x02, 1.00mm pitch, single row")
    (tags "Through hole pin header THT 1x02 1.00mm single row")
    (path /604898FA)
    (fp_text reference J3 (at 0 -1.56) (layer F.SilkS)
      (effects (font (size 1 1) (thickness 0.15)))
    )
    (fp_text value Conn_01x02_Male (at 0 2.56) (layer F.Fab)
      (effects (font (size 1 1) (thickness 0.15)))
    )
    (fp_text user %R (at 0 0.5 90) (layer F.Fab)
      (effects (font (size 0.76 0.76) (thickness 0.114)))
    )
    (fp_line (start 1.15 -1) (end -1.15 -1) (layer F.CrtYd) (width 0.05))
    (fp_line (start 1.15 2) (end 1.15 -1) (layer F.CrtYd) (width 0.05))
    (fp_line (start -1.15 2) (end 1.15 2) (layer F.CrtYd) (width 0.05))
    (fp_line (start -1.15 -1) (end -1.15 2) (layer F.CrtYd) (width 0.05))
    (fp_line (start -0.695 -0.685) (end 0 -0.685) (layer F.SilkS) (width 0.12))
    (fp_line (start -0.695 0) (end -0.695 -0.685) (layer F.SilkS) (width 0.12))
    (fp_line (start 0.608276 0.685) (end 0.695 0.685) (layer F.SilkS) (width 0.12))
    (fp_line (start -0.695 0.685) (end -0.608276 0.685) (layer F.SilkS) (width 0.12))
    (fp_line (start 0.695 0.685) (end 0.695 1.56) (layer F.SilkS) (width 0.12))
    (fp_line (start -0.695 0.685) (end -0.695 1.56) (layer F.SilkS) (width 0.12))
    (fp_line (start 0.394493 1.56) (end 0.695 1.56) (layer F.SilkS) (width 0.12))
    (fp_line (start -0.695 1.56) (end -0.394493 1.56) (layer F.SilkS) (width 0.12))
    (fp_line (start -0.635 -0.1825) (end -0.3175 -0.5) (layer F.Fab) (width 0.1))
    (fp_line (start -0.635 1.5) (end -0.635 -0.1825) (layer F.Fab) (width 0.1))
    (fp_line (start 0.635 1.5) (end -0.635 1.5) (layer F.Fab) (width 0.1))
    (fp_line (start 0.635 -0.5) (end 0.635 1.5) (layer F.Fab) (width 0.1))
    (fp_line (start -0.3175 -0.5) (end 0.635 -0.5) (layer F.Fab) (width 0.1))
    (pad 2 thru_hole oval (at 0 1) (size 0.85 0.85) (drill 0.5) (layers *.Cu *.Mask)
      (net 3 "Net-(C2-Pad1)"))
    (pad 1 thru_hole rect (at 0 0) (size 0.85 0.85) (drill 0.5) (layers *.Cu *.Mask)
      (net 6 GND))
    (model ${KISYS3DMOD}/Connector_PinHeader_1.00mm.3dshapes/PinHeader_1x02_P1.00mm_Vertical.wrl
      (at (xyz 0 0 0))
      (scale (xyz 1 1 1))
      (rotate (xyz 0 0 0))
    )
  )

  (module Package_TO_SOT_SMD:SOT-323_SC-70_Handsoldering (layer F.Cu) (tedit 5A02FF57) (tstamp 604841B0)
    (at 115.57 93.98 270)
    (descr "SOT-323, SC-70 Handsoldering")
    (tags "SOT-323 SC-70 Handsoldering")
    (path /6047EA99)
    (attr smd)
    (fp_text reference Q1 (at 0 -2 90) (layer F.SilkS)
      (effects (font (size 1 1) (thickness 0.15)))
    )
    (fp_text value BC547 (at 0 2.05 90) (layer F.Fab)
      (effects (font (size 1 1) (thickness 0.15)))
    )
    (fp_text user %R (at 0 0) (layer F.Fab)
      (effects (font (size 0.5 0.5) (thickness 0.075)))
    )
    (fp_line (start 0.735 0.5) (end 0.735 1.16) (layer F.SilkS) (width 0.12))
    (fp_line (start 0.735 -1.17) (end 0.735 -0.5) (layer F.SilkS) (width 0.12))
    (fp_line (start 2.4 1.3) (end -2.4 1.3) (layer F.CrtYd) (width 0.05))
    (fp_line (start 2.4 -1.3) (end 2.4 1.3) (layer F.CrtYd) (width 0.05))
    (fp_line (start -2.4 -1.3) (end 2.4 -1.3) (layer F.CrtYd) (width 0.05))
    (fp_line (start -2.4 1.3) (end -2.4 -1.3) (layer F.CrtYd) (width 0.05))
    (fp_line (start 0.735 -1.16) (end -2 -1.16) (layer F.SilkS) (width 0.12))
    (fp_line (start -0.675 1.16) (end 0.735 1.16) (layer F.SilkS) (width 0.12))
    (fp_line (start 0.675 -1.1) (end -0.175 -1.1) (layer F.Fab) (width 0.1))
    (fp_line (start -0.675 -0.6) (end -0.675 1.1) (layer F.Fab) (width 0.1))
    (fp_line (start 0.675 -1.1) (end 0.675 1.1) (layer F.Fab) (width 0.1))
    (fp_line (start 0.675 1.1) (end -0.675 1.1) (layer F.Fab) (width 0.1))
    (fp_line (start -0.175 -1.1) (end -0.675 -0.6) (layer F.Fab) (width 0.1))
    (pad 1 smd rect (at -1.33 -0.65 180) (size 0.45 1.5) (layers F.Cu F.Paste F.Mask)
      (net 4 "Net-(C2-Pad2)"))
    (pad 2 smd rect (at -1.33 0.65 180) (size 0.45 1.5) (layers F.Cu F.Paste F.Mask)
      (net 2 "Net-(C1-Pad1)"))
    (pad 3 smd rect (at 1.33 0 180) (size 0.45 1.5) (layers F.Cu F.Paste F.Mask)
      (net 7 "Net-(Q1-Pad3)"))
    (model ${KISYS3DMOD}/Package_TO_SOT_SMD.3dshapes/SOT-323_SC-70.wrl
      (at (xyz 0 0 0))
      (scale (xyz 1 1 1))
      (rotate (xyz 0 0 0))
    )
  )

  (module Resistor_SMD:R_0805_2012Metric_Pad1.15x1.40mm_HandSolder (layer F.Cu) (tedit 5B36C52B) (tstamp 604841C1)
    (at 111.76 91.44 270)
    (descr "Resistor SMD 0805 (2012 Metric), square (rectangular) end terminal, IPC_7351 nominal with elongated pad for handsoldering. (Body size source: https://docs.google.com/spreadsheets/d/1BsfQQcO9C6DZCsRaXUlFlo91Tg2WpOkGARC1WS5S8t0/edit?usp=sharing), generated with kicad-footprint-generator")
    (tags "resistor handsolder")
    (path /60480728)
    (attr smd)
    (fp_text reference R1 (at 0 -1.65 90) (layer F.SilkS)
      (effects (font (size 1 1) (thickness 0.15)))
    )
    (fp_text value R (at 0 1.65 90) (layer F.Fab)
      (effects (font (size 1 1) (thickness 0.15)))
    )
    (fp_text user %R (at -3.145001 0 90) (layer F.Fab)
      (effects (font (size 0.5 0.5) (thickness 0.08)))
    )
    (fp_line (start 1.85 0.95) (end -1.85 0.95) (layer F.CrtYd) (width 0.05))
    (fp_line (start 1.85 -0.95) (end 1.85 0.95) (layer F.CrtYd) (width 0.05))
    (fp_line (start -1.85 -0.95) (end 1.85 -0.95) (layer F.CrtYd) (width 0.05))
    (fp_line (start -1.85 0.95) (end -1.85 -0.95) (layer F.CrtYd) (width 0.05))
    (fp_line (start -0.261252 0.71) (end 0.261252 0.71) (layer F.SilkS) (width 0.12))
    (fp_line (start -0.261252 -0.71) (end 0.261252 -0.71) (layer F.SilkS) (width 0.12))
    (fp_line (start 1 0.6) (end -1 0.6) (layer F.Fab) (width 0.1))
    (fp_line (start 1 -0.6) (end 1 0.6) (layer F.Fab) (width 0.1))
    (fp_line (start -1 -0.6) (end 1 -0.6) (layer F.Fab) (width 0.1))
    (fp_line (start -1 0.6) (end -1 -0.6) (layer F.Fab) (width 0.1))
    (pad 2 smd roundrect (at 1.025 0 270) (size 1.15 1.4) (layers F.Cu F.Paste F.Mask) (roundrect_rratio 0.217391)
      (net 2 "Net-(C1-Pad1)"))
    (pad 1 smd roundrect (at -1.025 0 270) (size 1.15 1.4) (layers F.Cu F.Paste F.Mask) (roundrect_rratio 0.217391)
      (net 5 VCC))
    (model ${KISYS3DMOD}/Resistor_SMD.3dshapes/R_0805_2012Metric.wrl
      (at (xyz 0 0 0))
      (scale (xyz 1 1 1))
      (rotate (xyz 0 0 0))
    )
  )

  (module Resistor_SMD:R_0805_2012Metric_Pad1.15x1.40mm_HandSolder (layer F.Cu) (tedit 5B36C52B) (tstamp 604841D2)
    (at 111.76 96.52 270)
    (descr "Resistor SMD 0805 (2012 Metric), square (rectangular) end terminal, IPC_7351 nominal with elongated pad for handsoldering. (Body size source: https://docs.google.com/spreadsheets/d/1BsfQQcO9C6DZCsRaXUlFlo91Tg2WpOkGARC1WS5S8t0/edit?usp=sharing), generated with kicad-footprint-generator")
    (tags "resistor handsolder")
    (path /60482B47)
    (attr smd)
    (fp_text reference R2 (at 0 -1.65 90) (layer F.SilkS)
      (effects (font (size 1 1) (thickness 0.15)))
    )
    (fp_text value R (at 0 1.65 270) (layer F.Fab)
      (effects (font (size 1 1) (thickness 0.15)))
    )
    (fp_text user %R (at 0 -0.180001 90) (layer F.Fab)
      (effects (font (size 0.5 0.5) (thickness 0.08)))
    )
    (fp_line (start 1.85 0.95) (end -1.85 0.95) (layer F.CrtYd) (width 0.05))
    (fp_line (start 1.85 -0.95) (end 1.85 0.95) (layer F.CrtYd) (width 0.05))
    (fp_line (start -1.85 -0.95) (end 1.85 -0.95) (layer F.CrtYd) (width 0.05))
    (fp_line (start -1.85 0.95) (end -1.85 -0.95) (layer F.CrtYd) (width 0.05))
    (fp_line (start -0.261252 0.71) (end 0.261252 0.71) (layer F.SilkS) (width 0.12))
    (fp_line (start -0.261252 -0.71) (end 0.261252 -0.71) (layer F.SilkS) (width 0.12))
    (fp_line (start 1 0.6) (end -1 0.6) (layer F.Fab) (width 0.1))
    (fp_line (start 1 -0.6) (end 1 0.6) (layer F.Fab) (width 0.1))
    (fp_line (start -1 -0.6) (end 1 -0.6) (layer F.Fab) (width 0.1))
    (fp_line (start -1 0.6) (end -1 -0.6) (layer F.Fab) (width 0.1))
    (pad 2 smd roundrect (at 1.025 0 270) (size 1.15 1.4) (layers F.Cu F.Paste F.Mask) (roundrect_rratio 0.217391)
      (net 6 GND))
    (pad 1 smd roundrect (at -1.025 0 270) (size 1.15 1.4) (layers F.Cu F.Paste F.Mask) (roundrect_rratio 0.217391)
      (net 2 "Net-(C1-Pad1)"))
    (model ${KISYS3DMOD}/Resistor_SMD.3dshapes/R_0805_2012Metric.wrl
      (at (xyz 0 0 0))
      (scale (xyz 1 1 1))
      (rotate (xyz 0 0 0))
    )
  )

  (module Resistor_SMD:R_0805_2012Metric_Pad1.15x1.40mm_HandSolder (layer F.Cu) (tedit 5B36C52B) (tstamp 604841E3)
    (at 119.38 91.44 270)
    (descr "Resistor SMD 0805 (2012 Metric), square (rectangular) end terminal, IPC_7351 nominal with elongated pad for handsoldering. (Body size source: https://docs.google.com/spreadsheets/d/1BsfQQcO9C6DZCsRaXUlFlo91Tg2WpOkGARC1WS5S8t0/edit?usp=sharing), generated with kicad-footprint-generator")
    (tags "resistor handsolder")
    (path /6047FA96)
    (attr smd)
    (fp_text reference R3 (at 0 -1.65 90) (layer F.SilkS)
      (effects (font (size 1 1) (thickness 0.15)))
    )
    (fp_text value R (at 0 1.65 90) (layer F.Fab)
      (effects (font (size 1 1) (thickness 0.15)))
    )
    (fp_line (start -1 0.6) (end -1 -0.6) (layer F.Fab) (width 0.1))
    (fp_line (start -1 -0.6) (end 1 -0.6) (layer F.Fab) (width 0.1))
    (fp_line (start 1 -0.6) (end 1 0.6) (layer F.Fab) (width 0.1))
    (fp_line (start 1 0.6) (end -1 0.6) (layer F.Fab) (width 0.1))
    (fp_line (start -0.261252 -0.71) (end 0.261252 -0.71) (layer F.SilkS) (width 0.12))
    (fp_line (start -0.261252 0.71) (end 0.261252 0.71) (layer F.SilkS) (width 0.12))
    (fp_line (start -1.85 0.95) (end -1.85 -0.95) (layer F.CrtYd) (width 0.05))
    (fp_line (start -1.85 -0.95) (end 1.85 -0.95) (layer F.CrtYd) (width 0.05))
    (fp_line (start 1.85 -0.95) (end 1.85 0.95) (layer F.CrtYd) (width 0.05))
    (fp_line (start 1.85 0.95) (end -1.85 0.95) (layer F.CrtYd) (width 0.05))
    (fp_text user %R (at 0 0 90) (layer F.Fab)
      (effects (font (size 0.5 0.5) (thickness 0.08)))
    )
    (pad 1 smd roundrect (at -1.025 0 270) (size 1.15 1.4) (layers F.Cu F.Paste F.Mask) (roundrect_rratio 0.217391)
      (net 5 VCC))
    (pad 2 smd roundrect (at 1.025 0 270) (size 1.15 1.4) (layers F.Cu F.Paste F.Mask) (roundrect_rratio 0.217391)
      (net 4 "Net-(C2-Pad2)"))
    (model ${KISYS3DMOD}/Resistor_SMD.3dshapes/R_0805_2012Metric.wrl
      (at (xyz 0 0 0))
      (scale (xyz 1 1 1))
      (rotate (xyz 0 0 0))
    )
  )

  (module Resistor_SMD:R_0805_2012Metric_Pad1.15x1.40mm_HandSolder (layer F.Cu) (tedit 5B36C52B) (tstamp 604841F4)
    (at 119.38 96.52 270)
    (descr "Resistor SMD 0805 (2012 Metric), square (rectangular) end terminal, IPC_7351 nominal with elongated pad for handsoldering. (Body size source: https://docs.google.com/spreadsheets/d/1BsfQQcO9C6DZCsRaXUlFlo91Tg2WpOkGARC1WS5S8t0/edit?usp=sharing), generated with kicad-footprint-generator")
    (tags "resistor handsolder")
    (path /60482B41)
    (attr smd)
    (fp_text reference R4 (at 0 -1.65 90) (layer F.SilkS)
      (effects (font (size 1 1) (thickness 0.15)))
    )
    (fp_text value R (at 0 1.65 90) (layer F.Fab)
      (effects (font (size 1 1) (thickness 0.15)))
    )
    (fp_line (start -1 0.6) (end -1 -0.6) (layer F.Fab) (width 0.1))
    (fp_line (start -1 -0.6) (end 1 -0.6) (layer F.Fab) (width 0.1))
    (fp_line (start 1 -0.6) (end 1 0.6) (layer F.Fab) (width 0.1))
    (fp_line (start 1 0.6) (end -1 0.6) (layer F.Fab) (width 0.1))
    (fp_line (start -0.261252 -0.71) (end 0.261252 -0.71) (layer F.SilkS) (width 0.12))
    (fp_line (start -0.261252 0.71) (end 0.261252 0.71) (layer F.SilkS) (width 0.12))
    (fp_line (start -1.85 0.95) (end -1.85 -0.95) (layer F.CrtYd) (width 0.05))
    (fp_line (start -1.85 -0.95) (end 1.85 -0.95) (layer F.CrtYd) (width 0.05))
    (fp_line (start 1.85 -0.95) (end 1.85 0.95) (layer F.CrtYd) (width 0.05))
    (fp_line (start 1.85 0.95) (end -1.85 0.95) (layer F.CrtYd) (width 0.05))
    (fp_text user %R (at 0 0 90) (layer F.Fab)
      (effects (font (size 0.5 0.5) (thickness 0.08)))
    )
    (pad 1 smd roundrect (at -1.025 0 270) (size 1.15 1.4) (layers F.Cu F.Paste F.Mask) (roundrect_rratio 0.217391)
      (net 7 "Net-(Q1-Pad3)"))
    (pad 2 smd roundrect (at 1.025 0 270) (size 1.15 1.4) (layers F.Cu F.Paste F.Mask) (roundrect_rratio 0.217391)
      (net 6 GND))
    (model ${KISYS3DMOD}/Resistor_SMD.3dshapes/R_0805_2012Metric.wrl
      (at (xyz 0 0 0))
      (scale (xyz 1 1 1))
      (rotate (xyz 0 0 0))
    )
  )

)
